0
0
0
0
0
0
0
0
0
209
194
0
0
0
0
0
0
0
0
0
0
0
0
0
0
0
0
0
0
0
0
0
475
10
14
3
0
6
14
6
126
126
82
12
42
65
3
40
9
17
13
0
0
2
2
0
0
0
2
80
5
77
62
0
0
4
0
19
0
7
9
0
0
13
0
0
72
0
79
4
3
0
2
3
29
36
0
0
0
0
0
8
4
8
0
66
0
115
8
113
138
367
91
16
59
164
5
13
78
32
220
198
93
14
219
112
290
81
27
41
12
21
4
38
6
37
0
0
0
0
0
0
0
0
0
0
0
0
0
0
0
0
0
0
0
0
0
0
0
0
0
0
0
0
0
0
0
0
0
0
0
0
0
0
0
0
0
0
0
0
0
0
0
0
0
0
0
0
0
0
0
0
0
0
0
0
0
0
0
0
0
0
0
0
0
0
0
0
0
0
0
0
0
0
0
0
0
0
0
0
0
0
0
0
0
0
0
0
0
0
0
0
0
0
0
0
0
0
0
0
0
0
0
0
0
0
0
0
0
0
0
0
0
0
0
0
0
0
0
0
0
0
0
0
0
0
